0.008264 50
1.567807 2
0.000182 50
1.639766 1
0.827961 1
0.076017 1
0.149169 3
0.710841 1
2.144019 1
0.325761 1
0.128042 1
0.600065 2
0.001924 61
0.000075 2
0.000098 41
0.000055 2
0.000064 53
0.000056 2
0.000062 49
0.000035 2
0.000107 2
0.000036 2
0.000087 62
0.000034 2
0.000050 41
0.000033 2
0.000035 53
0.000032 2
0.000035 49
0.000031 2
0.000092 2
0.000035 2
0.000091 62
0.000036 2
0.000053 41
0.000033 2
0.000035 53
0.000031 2
0.000040 49
0.000032 2
0.000092 2
0.000036 2
0.000082 61
0.000035 2
0.000049 41
0.000033 2
0.000034 53
0.000032 2
0.000034 49
0.000032 2
0.000096 2
0.000036 2
0.000083 60
0.000035 2
0.000049 41
0.000033 2
0.000034 53
0.000031 2
0.000034 49
0.000031 2
0.000088 2
0.000035 2
0.000082 62
0.000035 2
0.000055 41
0.000033 2
0.000035 53
0.000038 2
0.000034 49
0.000031 2
0.000089 2
0.000035 2
0.000082 62
0.000035 2
0.000053 41
0.000034 2
0.000035 53
0.000031 2
0.000034 49
0.000030 2
0.000092 2
0.000035 2
0.000092 61
0.000035 2
0.000055 41
0.000036 2
0.000036 53
0.000031 2
0.000033 49
0.000031 2
0.000060 19
0.000034 2
0.000036 27
0.000032 2
0.000060 2
0.000064 116
0.000041 2
0.000039 53
0.000030 2
0.000118 2
0.000036 2
0.000697 61
0.000038 2
0.000056 41
0.000035 2
0.000035 53
0.000031 2
0.000035 49
0.000031 2
0.000034 19
0.000031 2
0.000035 27
0.000038 2
0.000054 2
0.000051 117
0.000033 2
0.000036 54
0.000031 2
0.000036 54
0.000031 2
0.000305 50
6.902678 57
0.999861 1
0.208140 1
0.091846 1
0.109195 3
0.826807 1
0.256023 1
0.207996 1
0.099994 1
0.179991 1
0.432133 9
0.775918 2
0.002179 61
0.000060 2
0.000109 41
0.000062 2
0.000042 53
0.000052 2
0.000067 49
0.000045 2
0.000045 19
0.000031 2
0.000036 27
0.000051 2
0.000087 2
0.000095 117
0.000036 2
0.000038 54
0.000032 2
0.000035 54
0.000031 2
0.000326 50
1.060470 20
0.550016 1
0.184031 1
0.159512 1
0.156008 1
0.164014 1
0.142957 1
0.167975 1
0.156031 1
0.171989 1
0.147979 1
0.732044 23
0.163991 25
0.163989 25
0.984027 84
0.744129 2
0.001715 5
0.000078 2
0.000039 35
0.000058 2
0.000048 71
0.000033 2
0.000035 42
0.000036 2
0.000051 2
0.005323 2
0.001136 22
1.527344 1
0.187963 2
0.000113 61
0.000061 2
0.000140 41
0.000059 2
0.000044 53
0.000067 2
0.000054 49
0.000045 2
0.000046 19
0.000054 2
0.000043 27
0.000039 2
0.000069 2
0.000068 117
0.001216 138
1.621840 1
0.880065 2
0.000064 136
3.831916 2
0.000067 64
5.200936 2
0.000058 50
4.501990 2
0.000057 84
1.467909 1
0.921027 1
0.248008 1
0.171990 1
0.972090 1
0.960619 2
0.000109 2
0.000061 62
0.000046 2
0.014398 2
0.000105 22
2.034083 1
0.943991 2
0.000137 37
0.000062 2
0.004512 43
0.000066 2
0.003647 14
0.000073 2
0.000098 2
0.000391 50
1.079188 52
1.130892 17
0.212001 23
0.839991 2
0.002260 61
0.000068 2
0.000104 41
0.000061 2
0.000042 53
0.000049 2
0.000040 49
0.000032 2
0.000035 19
0.000048 2
0.000050 27
0.000057 2
0.000088 2
0.000097 117
0.000047 2
0.000039 54
0.000032 2
0.000035 54
0.000031 2
0.000036 54
0.000030 2
0.000268 50
2.264428 1
0.196033 1
0.068733 1
0.107304 1
0.135957 1
0.351984 1
0.256102 1
0.083910 1
0.161195 1
0.842810 1
0.176083 1
0.183943 1
0.099973 1
0.179979 1
0.084080 2
0.731978 1
0.265555 1
1.394394 1
0.192101 1
0.923919 1
0.056007 1
0.719984 2
0.011602 74
0.000069 2
0.000058 67
0.000044 2
0.000044 74
0.000056 2
0.000042 42
0.000055 2
0.000052 71
0.000042 2
0.000043 59
0.000052 2
0.000041 65
0.000032 2
0.000033 68
0.000030 2
0.000032 72
0.000031 2
0.000032 67
0.000031 2
0.117464 50
1.196196 1
0.195999 1
0.079939 1
0.135988 1
0.072017 1
0.096013 1
0.175934 1
0.244080 1
0.235981 1
0.087980 1
0.080111 2
1.368887 1
0.124091 1
0.155942 1
0.255989 1
0.335966 2
0.001630 50
0.577543 1
0.852928 1
0.079930 1
0.184017 1
0.099993 1
0.091997 1
0.163990 1
0.152034 1
0.124012 1
0.167981 1
0.088093 2
0.483892 1
0.240052 1
0.827941 1
0.192007 1
0.878084 1
0.087951 1
0.159984 1
0.167292 1
0.004666 1
0.268015 1
0.076028 1
0.100066 1
0.071991 1
0.687941 1
0.104045 1
0.167963 1
0.160069 2
0.755953 2
0.040351 50
0.616292 1
0.087357 1
0.180011 1
0.159990 1
0.524038 1
0.399967 1
0.363990 1
0.344049 2
0.001573 57
0.000081 2
0.000058 48
0.000045 2
0.000046 51
0.000057 2
0.000052 55
0.000044 2
0.000039 51
0.000074 2
0.000052 56
0.000074 2
0.000042 61
0.000032 2
0.000034 74
0.000031 2
0.000034 64
0.000031 2
0.000033 62
0.000031 2
0.000046 64
0.000029 2
0.000046 64
0.000032 2
0.000034 64
0.000030 2
0.000040 62
0.000035 2
0.000035 61
0.000031 2
0.000034 56
0.000030 2
0.000223 50
2.459418 52
0.171981 2
0.000107 50
0.586837 1
0.244043 1
0.139973 1
0.171992 1
0.648009 2
0.000076 4
0.000013 2
